2015 01 07 15 39 200
2015 01 10 14 23 200
2015 01 11 07 03 200
2015 01 17 19 06 200
2015 01 20 07 24 200
2015 01 25 00 09 200
2015 01 27 13 19 200
2015 01 29 16 54 200
2015 01 31 20 58 200
2015 02 02 01 33 200
2015 02 06 06 37 200
2015 02 08 14 33 200
2015 02 17 21 42 200
2015 02 19 21 01 200
2015 02 20 09 05 200
2015 02 21 04 50 200
2015 02 23 09 34 200
2015 02 23 22 03 200
2015 03 04 11 07 200
2015 03 13 02 17 200
2015 03 14 10 34 200
2015 03 28 21 14 200
2015 04 02 06 09 200
2015 04 08 20 23 200
2015 04 19 16 12 200
2015 04 23 22 30 200
2015 05 13 06 22 200
2015 05 27 05 47 200
2015 05 30 01 51 200
2015 06 04 22 50 200
2015 06 08 06 42 200
2015 06 10 12 37 200
2015 06 16 06 10 200
2015 06 19 09 21 200
2015 06 19 23 22 200
2015 06 22 13 45 200
2015 06 25 06 46 200
2015 07 03 16 24 200
2015 07 06 21 19 200
2015 07 09 15 37 200
2015 07 22 18 39 200
2015 08 02 23 50 200
2015 08 06 09 00 200
2015 08 07 03 22 200
2015 08 10 17 57 200
2015 08 13 22 30 200
2015 08 28 07 42 200
2015 08 29 16 11 200
2015 08 31 21 53 200
2015 09 02 23 52 403
2015 09 09 08 14 200
2015 09 13 05 54 200
2015 09 24 17 52 200
2015 09 24 19 44 200
2015 09 30 05 19 403
2015 10 05 15 10 200
2015 10 17 19 41 200
2015 10 25 05 19 200
2015 10 25 05 29 200
2015 10 26 20 00 200
2015 11 09 08 08 200
2015 11 23 17 37 200
2015 12 01 16 55 200
2015 12 06 03 47 200
2015 12 12 18 00 200
2015 12 16 08 29 200
2015 12 17 13 43 200
2015 12 18 07 12 200
2015 12 20 23 56 200
2015 12 25 05 40 200
2016 01 07 00 12 200
2016 01 07 06 49 200
2016 01 08 02 17 200
2016 01 13 20 36 200
2016 01 15 17 58 200
2016 01 20 21 17 200
2016 01 24 01 03 200
2016 01 29 21 05 200
2016 01 31 16 35 200
2016 02 04 20 37 404
2016 02 11 16 01 200
2016 02 12 17 49 200
2016 02 17 14 32 200
2016 02 19 08 26 200
2016 02 20 21 56 200
2016 02 21 14 28 200
2016 02 23 16 05 200
2016 02 25 20 32 200
2016 03 01 11 59 200
2016 03 01 20 03 200
2016 03 05 11 00 200
2016 03 17 01 18 200
2016 03 18 22 06 200
2016 03 23 23 12 200
2016 04 01 06 45 200
2016 04 02 23 32 200
2016 04 12 19 52 200
2016 04 13 04 00 200
2016 04 14 04 42 200
2016 04 14 21 01 200
2016 04 21 09 26 200
2016 04 22 22 49 200
2016 04 23 00 06 200
2016 04 29 05 19 200
2016 04 29 13 04 200
2016 05 08 17 30 200
2016 05 17 07 53 200
2016 05 20 00 38 403
2016 05 25 18 11 200
2016 05 27 23 22 200
2016 06 02 06 01 200
2016 06 06 16 10 200
2016 06 10 18 22 200
2016 06 10 23 50 200
2016 06 11 11 00 200
2016 06 12 21 31 200
2016 06 13 21 31 200
2016 06 15 21 46 200
2016 06 18 17 26 200
2016 06 20 08 59 200
2016 06 20 23 47 200
2016 06 23 12 16 200
2016 06 25 05 43 200
2016 07 02 23 28 200
2016 07 03 00 04 200
2016 07 10 05 49 200
2016 07 11 16 08 200
2016 07 12 04 09 200
2016 07 22 12 27 200
2016 07 23 11 50 200
2016 07 25 09 25 200
2016 07 26 16 53 200
2016 08 01 13 52 200
2016 08 06 03 29 200
2016 08 09 10 13 200
2016 08 10 09 25 200
2016 08 17 00 59 200
2016 08 23 19 16 200
2016 08 24 10 49 200
2016 08 25 08 07 200
2016 09 02 14 05 200
2016 09 04 18 39 200
2016 09 05 09 27 200
2016 09 10 14 42 200
2016 09 12 04 04 200
2016 09 14 11 58 200
2016 09 14 22 47 200
2016 09 15 11 05 200
2016 09 19 14 45 200
2016 09 20 21 48 200
2016 09 21 22 53 200
2016 09 24 13 44 200
2016 09 26 16 22 200
2016 09 29 15 26 200
2016 10 06 17 38 403
2016 10 13 22 43 200
2016 10 15 02 37 200
2016 10 16 07 51 200
2016 11 01 02 45 200
2016 11 10 02 55 200
2016 11 17 02 52 200
2016 11 17 21 21 200
2016 11 22 16 08 403
2016 11 28 18 23 200
2016 12 01 09 00 200
2016 12 10 16 59 200
2016 12 11 03 02 200
2016 12 15 00 57 200
2016 12 15 04 51 200
2016 12 18 23 33 200
2016 12 22 07 48 200
2016 12 22 11 31 200
2016 12 22 17 24 200
2016 12 23 12 22 404
2016 12 24 08 58 200
2016 12 25 04 16 200
2016 12 30 01 50 200
2016 12 31 16 31 200
2017 01 02 10 00 200
2017 01 03 21 58 403
2017 01 08 09 13 200
2017 01 09 07 45 200
2017 01 12 05 13 200
2017 01 14 10 41 200
2017 01 21 02 25 200
2017 01 21 10 50 200
2017 01 24 02 57 200
2017 01 24 05 42 200
2017 01 27 14 57 200
2017 02 02 09 43 200
2017 02 03 01 07 200
2017 02 05 15 36 200
2017 02 16 11 28 200
2017 02 23 22 44 200
2017 02 27 08 19 200
2017 03 03 21 05 200
2017 03 06 14 09 200
2017 03 11 00 37 200
2017 03 16 22 27 200
2017 03 23 06 10 200
2017 03 25 13 34 200
2017 03 27 12 29 200
2017 03 29 09 57 200
2017 04 01 17 16 200
2017 04 02 08 45 200
2017 04 03 06 23 200
2017 04 03 11 11 200
2017 04 07 06 57 200
2017 04 13 08 34 200
2017 04 13 19 23 200
2017 04 14 20 45 200
2017 04 24 07 10 200
2017 04 24 09 48 200
2017 04 24 22 30 200
2017 04 26 11 48 200
2017 04 26 12 33 200
2017 04 28 05 49 200
2017 05 01 15 23 200
2017 05 03 06 07 200
2017 05 08 12 15 200
2017 05 09 13 00 200
2017 05 10 15 25 200
2017 05 11 19 13 200
2017 05 13 12 16 200
2017 05 14 04 25 200
2017 05 14 10 24 200
2017 05 15 20 58 200
2017 05 18 20 10 200
2017 05 26 10 21 200
2017 06 02 10 49 200
2017 06 03 00 08 200
2017 06 04 03 37 200
2017 06 11 18 53 200
2017 06 11 23 50 200
2017 06 14 07 36 200
2017 06 20 18 54 200
2017 06 22 14 37 200
2017 06 22 16 50 200
2017 06 26 05 45 200
2017 07 01 02 20 200
2017 07 05 03 49 200
2017 07 07 02 27 200
2017 07 22 23 31 200
2017 07 25 12 48 200
2017 07 28 21 07 200
2017 08 01 10 23 200
2017 08 10 03 10 200
2017 08 13 05 18 200
2017 08 14 04 11 200
2017 08 15 11 25 200
2017 08 16 18 26 200
2017 08 18 12 48 200
2017 09 01 11 33 200
2017 09 01 23 04 200
2017 09 02 12 50 200
2017 09 04 10 34 403
2017 09 06 08 51 200
2017 09 07 15 25 200
2017 09 10 07 49 200
2017 09 12 14 25 200
2017 09 15 22 39 200
2017 09 18 15 39 200
2017 09 18 17 39 200
2017 09 21 10 25 200
2017 09 26 09 21 200
2017 09 30 05 05 200
2017 10 02 16 02 200
2017 10 05 09 10 200
2017 10 08 19 14 200
2017 10 09 16 13 200
2017 10 12 20 36 200
2017 10 12 20 58 200
2017 10 12 21 50 200
2017 10 15 15 49 200
2017 10 25 17 48 200
2017 10 25 21 38 200
2017 10 27 02 24 200
2017 11 01 01 54 200
2017 11 01 03 18 200
2017 11 05 11 17 200
2017 11 05 21 21 200
2017 11 09 09 01 200
2017 11 14 08 26 200
2017 11 15 00 29 200
2017 11 23 20 29 200
2017 11 27 13 46 200
2017 11 29 19 07 200
2017 12 02 07 18 200
2017 12 07 11 17 200
2017 12 08 23 14 200
2017 12 10 17 37 200
2017 12 14 20 34 200
2017 12 16 13 55 200
2017 12 17 00 49 200
2017 12 19 10 18 200
2017 12 25 03 31 200
2017 12 26 19 34 200
2018 01 02 16 13 200
2018 01 04 12 00 200
2018 01 07 13 15 200
2018 01 08 01 12 200
2018 01 09 11 30 200
2018 01 11 19 07 200
2018 01 13 10 55 200
2018 01 19 09 08 200
2018 01 20 19 26 404
2018 02 03 09 42 200
2018 02 15 03 38 200
2018 02 22 17 35 403
2018 02 27 06 28 200
2018 02 28 05 05 403
2018 03 04 04 00 403
2018 03 10 18 47 200
2018 03 10 19 05 200
2018 03 11 10 44 200
2018 03 15 20 41 200
2018 03 16 16 36 200
2018 03 17 07 01 200
2018 03 18 08 53 200
2018 03 19 14 29 200
2018 03 22 20 07 200
2018 03 25 03 39 200
2018 03 29 12 16 200
2018 04 03 22 54 200
2018 04 04 04 44 200
2018 04 11 07 25 200
2018 04 11 11 44 200
2018 04 20 20 25 200
2018 04 23 06 53 200
2018 04 23 07 03 200
2018 04 27 02 09 200
2018 04 28 17 37 200
2018 04 29 09 29 200
2018 05 01 17 32 403
2018 05 09 07 29 200
2018 05 17 20 55 200
2018 05 19 16 01 200
2018 05 20 11 43 200
2018 05 23 14 51 200
2018 05 28 21 01 200
2018 06 02 05 42 200
2018 06 07 17 37 200
2018 06 13 01 33 200
2018 06 13 05 09 200
2018 06 13 16 00 200
2018 06 14 15 42 200
2018 06 22 08 24 200
2018 06 25 08 10 404
2018 06 26 06 41 404
2018 06 27 09 05 200
2018 06 28 07 39 200
2018 07 03 18 51 200
2018 07 04 09 47 200
2018 07 06 10 31 200
2018 07 07 11 40 200
2018 07 07 17 36 200
2018 07 08 07 08 200
2018 07 09 22 20 200
2018 07 10 11 45 200
2018 07 12 18 14 200
2018 07 17 03 45 200
2018 07 19 16 54 200
2018 07 23 04 41 200
2018 07 23 15 52 200
2018 07 24 11 53 200
2018 07 30 13 31 200
2018 07 30 23 58 200
2018 08 02 21 38 200
2018 08 07 18 34 200
2018 08 10 01 26 200
2018 08 16 20 36 200
2018 08 21 12 23 200
2018 08 23 05 10 200
2018 08 25 20 37 200
2018 08 30 22 17 200
2018 09 09 00 18 200
2018 09 14 01 50 200
2018 09 18 05 40 200
2018 09 22 00 25 403
2018 09 23 18 53 200
2018 09 27 18 45 200
2018 10 02 01 09 200
2018 10 02 04 02 200
2018 10 05 12 36 200
2018 10 08 19 17 200
2018 10 13 15 33 200
2018 10 13 18 49 200
2018 10 14 17 30 200
2018 10 16 18 42 200
2018 10 18 11 28 200
2018 10 22 04 32 200
2018 10 29 22 26 200
2018 10 31 17 22 200
2018 10 31 23 20 200
2018 11 01 13 14 200
2018 11 04 23 45 200
2018 11 09 07 46 200
2018 11 12 19 44 200
2018 11 13 11 26 200
2018 11 30 15 30 200
2018 12 06 23 45 200
2018 12 13 09 10 200
2018 12 14 00 18 200
2018 12 26 14 33 200
2018 12 29 14 55 200
2019 01 07 16 19 200
2019 01 16 02 33 200
2019 01 16 04 28 200
2019 01 21 10 46 200
2019 01 23 19 30 200
2019 01 25 11 14 200
2019 01 26 15 56 200
2019 02 01 21 31 200
2019 02 02 01 38 200
2019 02 02 10 16 200
2019 02 03 12 02 200
2019 02 07 16 54 200
2019 02 08 19 43 200
2019 02 24 10 41 200
2019 02 25 14 22 200
2019 03 04 02 49 200
2019 03 16 08 40 200
2019 03 22 03 26 200
2019 03 26 05 36 200
2019 04 03 18 51 200
2019 04 18 05 36 200
2019 04 20 02 50 200
2019 04 21 08 19 200
2019 04 25 08 19 200
2019 04 28 00 08 200
2019 04 30 09 34 200
2019 05 03 22 21 200
2019 05 13 22 20 200
2019 05 19 12 48 200
2019 05 25 10 51 200
2019 05 26 19 45 200
2019 05 28 07 27 200
2019 05 29 13 13 200
2019 06 02 21 18 404
2019 06 03 05 44 200
2019 06 04 17 53 404
2019 06 05 18 03 200
2019 06 10 12 58 200
2019 06 19 00 31 200
2019 06 24 01 25 200
2019 07 01 04 09 200
2019 07 03 16 10 200
2019 07 05 23 17 200
2019 07 12 00 43 200
2019 07 17 14 34 200
2019 07 20 23 31 403
2019 07 24 18 36 200
2019 07 27 21 20 200
2019 08 01 02 58 200
2019 08 01 12 56 200
2019 08 07 00 48 200
2019 08 08 20 46 200
2019 08 11 17 28 200
2019 08 11 19 31 200
2019 08 14 15 14 200
2019 08 19 16 49 200
2019 08 21 18 18 200
2019 08 26 13 46 200
2019 08 28 08 36 200
2019 08 31 05 43 200
2019 09 05 04 09 200
2019 09 05 21 56 200
2019 09 10 05 45 403
2019 09 15 08 05 200
2019 09 20 04 38 200
2019 09 21 19 54 200
2019 09 24 17 01 200
2019 09 29 14 07 200
2019 10 03 13 18 200
2019 10 04 23 00 200
2019 10 06 20 22 200
2019 10 11 00 30 200
2019 10 12 07 09 200
2019 10 19 01 24 200
2019 10 23 14 21 200
2019 10 26 00 00 200
2019 10 27 14 30 200
2019 11 04 22 26 200
2019 11 09 22 00 404
2019 11 10 17 11 404
2019 11 11 23 30 200
2019 11 15 00 42 200
2019 11 16 02 22 200
2019 11 19 18 34 200
2019 11 20 04 50 404
2019 11 23 12 21 200
2019 11 27 10 50 200
2019 12 02 01 23 200
2019 12 06 19 23 200
2019 12 07 21 22 200
2019 12 07 23 12 200
2019 12 17 20 30 200
2019 12 22 13 30 200
2019 12 25 13 10 200
2019 12 28 02 56 200
