2015 01 09 10 15
2015 01 12 06 42
2015 01 16 22 09
2015 01 17 07 36
2015 01 24 00 18
2015 01 25 08 45
2015 01 27 20 46
2015 01 28 08 00
2015 02 02 00 27
2015 02 08 05 52
2015 02 10 01 15
2015 02 12 00 41
2015 02 19 18 03
2015 02 21 23 56
2015 02 26 02 23
2015 02 27 23 23
2015 03 04 13 48
2015 03 10 04 45
2015 03 10 15 15
2015 03 11 20 53
2015 03 12 00 48
2015 03 18 20 09
2015 03 21 10 32
2015 03 21 12 19
2015 04 01 04 02
2015 04 01 21 29
2015 04 03 13 44
2015 04 05 00 28
2015 04 05 03 34
2015 04 05 18 30
2015 04 06 14 43
2015 04 07 23 53
2015 04 08 09 26
2015 04 11 00 56
2015 04 15 02 14
2015 04 15 23 08
2015 04 19 00 40
2015 05 05 01 46
2015 05 12 01 21
2015 05 13 04 15
2015 05 14 23 08
2015 05 25 01 24
2015 05 25 13 31
2015 05 28 13 13
2015 05 29 09 40
2015 06 05 10 17
2015 06 19 15 42
2015 06 21 09 02
2015 06 25 14 33
2015 06 27 09 45
2015 07 02 20 58
2015 07 03 10 24
2015 07 22 05 00
2015 07 24 13 41
2015 07 28 02 53
2015 07 29 08 53
2015 08 01 18 52
2015 08 02 00 46
2015 08 02 06 26
2015 08 05 07 07
2015 08 08 12 49
2015 08 12 14 43
2015 08 14 11 12
2015 08 15 16 36
2015 08 16 04 16
2015 08 17 18 51
2015 08 29 09 33
2015 08 29 09 49
2015 09 01 17 43
2015 09 02 16 49
2015 09 04 11 40
2015 09 14 13 08
2015 09 19 18 34
2015 09 19 20 49
2015 09 20 05 03
2015 09 20 10 00
2015 09 30 04 19
2015 10 01 09 17
2015 10 04 13 29
2015 10 12 16 41
2015 10 14 17 07
2015 10 16 04 55
2015 10 26 10 58
2015 10 28 01 30
2015 10 29 04 23
2015 10 30 15 06
2015 11 03 06 22
2015 11 04 10 41
2015 11 05 04 25
2015 11 07 21 25
2015 11 18 00 55
2015 11 24 15 14
2015 11 25 09 09
2015 11 25 10 28
2015 12 09 16 53
2015 12 19 08 24
2015 12 25 15 25
2015 12 28 13 15
2015 12 30 09 28
2016 01 09 05 24
2016 01 13 14 39
2016 01 23 22 52
2016 01 25 20 51
2016 01 30 21 09
2016 02 04 19 54
2016 02 10 13 01
2016 02 10 14 38
2016 02 11 13 15
2016 02 14 13 47
2016 02 17 00 18
2016 02 18 00 27
2016 02 23 02 43
2016 02 23 20 44
2016 03 03 10 57
2016 03 04 06 30
2016 03 10 15 53
2016 03 10 18 47
2016 03 20 15 37
2016 03 22 16 11
2016 03 25 11 10
2016 03 25 21 44
2016 03 27 07 42
2016 03 28 22 41
2016 04 07 00 08
2016 04 10 14 43
2016 04 11 12 39
2016 04 11 22 44
2016 04 17 18 34
2016 04 24 15 06
2016 04 29 18 29
2016 04 29 21 48
2016 05 05 15 06
2016 05 12 17 02
2016 05 15 09 11
2016 05 21 17 28
2016 05 24 03 34
2016 05 27 10 37
2016 05 29 08 16
2016 06 04 14 42
2016 06 06 15 51
2016 06 13 08 13
2016 06 14 19 06
2016 06 14 20 19
2016 06 19 04 11
2016 06 21 02 30
2016 06 23 16 16
2016 06 28 03 59
2016 07 03 09 43
2016 07 03 23 36
2016 07 13 06 35
2016 07 14 01 16
2016 07 14 21 23
2016 07 18 04 48
2016 07 20 18 55
2016 07 22 03 12
2016 07 25 07 18
2016 08 12 19 42
2016 08 13 14 04
2016 08 13 21 11
2016 08 26 23 55
2016 08 27 05 24
2016 08 27 10 07
2016 08 31 10 45
2016 09 03 21 03
2016 09 06 21 38
2016 09 07 22 21
2016 09 08 06 50
2016 09 13 07 40
2016 09 17 09 21
2016 09 18 02 36
2016 09 22 17 19
2016 09 24 04 10
2016 09 24 04 58
2016 09 25 15 23
2016 09 27 10 57
2016 09 28 14 30
2016 09 29 09 35
2016 10 01 23 58
2016 10 20 07 34
2016 10 23 04 31
2016 10 27 04 37
2016 10 31 07 24
2016 10 31 17 32
2016 11 01 04 36
2016 11 03 13 23
2016 11 10 00 01
2016 11 10 07 22
2016 11 12 08 46
2016 11 14 22 07
2016 11 18 01 43
2016 11 19 09 40
2016 11 22 10 40
2016 11 22 23 26
2016 11 25 20 31
2016 11 30 08 22
2016 12 01 00 20
2016 12 01 00 44
2016 12 01 02 38
2016 12 04 14 11
2016 12 05 01 52
2016 12 07 20 36
2016 12 11 00 18
2016 12 14 16 55
2016 12 22 01 36
2016 12 31 22 09
2017 01 04 14 58
2017 01 08 06 21
2017 01 09 11 42
2017 01 11 20 55
2017 01 17 10 32
2017 01 17 18 00
2017 01 20 18 06
2017 01 20 21 41
2017 01 24 00 42
2017 01 27 09 07
2017 02 02 09 41
2017 02 07 04 10
2017 02 15 00 35
2017 02 15 14 20
2017 02 15 20 40
2017 02 16 09 59
2017 02 20 12 57
2017 02 22 07 13
2017 02 22 09 43
2017 03 02 04 31
2017 03 06 08 25
2017 03 07 05 44
2017 03 21 15 07
2017 03 26 13 21
2017 03 28 05 30
2017 04 02 05 44
2017 04 03 06 08
2017 04 05 23 20
2017 04 16 06 23
2017 04 20 05 58
2017 04 24 02 01
2017 05 09 13 04
2017 05 23 16 29
2017 05 25 21 19
2017 05 30 15 58
2017 06 07 01 33
2017 06 07 16 42
2017 06 07 18 14
2017 06 14 07 26
2017 06 14 12 15
2017 06 21 02 46
2017 06 21 07 09
2017 06 22 05 22
2017 06 24 08 43
2017 07 05 07 29
2017 07 05 10 28
2017 07 06 00 38
2017 07 07 15 54
2017 07 13 14 38
2017 07 18 07 31
2017 07 19 22 55
2017 07 27 13 11
2017 07 29 14 33
2017 08 01 02 41
2017 08 02 22 29
2017 08 10 14 31
2017 08 19 20 50
2017 08 21 00 31
2017 08 22 02 50
2017 08 26 06 36
2017 08 30 07 02
2017 09 01 08 34
2017 09 03 20 13
2017 09 11 00 40
2017 09 13 20 42
2017 09 14 20 14
2017 09 15 20 33
2017 09 18 21 23
2017 09 25 22 20
2017 09 26 13 54
2017 10 03 13 10
2017 10 04 17 10
2017 10 04 20 25
2017 10 06 04 54
2017 10 14 15 52
2017 10 19 10 19
2017 10 20 11 49
2017 10 21 01 17
2017 10 21 04 09
2017 10 22 19 43
2017 10 29 14 33
2017 10 31 19 16
2017 11 02 12 59
2017 11 03 14 07
2017 11 08 19 41
2017 11 08 20 51
2017 11 22 06 07
2017 11 28 18 25
2017 12 03 06 22
2017 12 04 17 33
2017 12 15 12 38
2017 12 27 08 59
2017 12 28 11 22
2017 12 30 17 27
2018 01 02 22 56
2018 01 05 16 32
2018 01 10 01 20
2018 01 13 05 32
2018 01 14 08 02
2018 01 17 10 33
2018 01 19 04 56
2018 01 22 15 27
2018 01 30 22 49
2018 01 31 12 32
2018 02 02 13 56
2018 02 03 23 52
2018 02 04 04 57
2018 02 04 12 42
2018 02 07 19 28
2018 02 08 07 46
2018 02 08 21 34
2018 02 10 18 53
2018 02 11 11 57
2018 02 13 15 01
2018 02 19 03 54
2018 02 25 20 54
2018 03 08 18 36
2018 03 12 12 17
2018 03 13 08 27
2018 03 14 22 05
2018 03 17 20 30
2018 03 20 11 00
2018 03 21 17 10
2018 03 27 09 05
2018 04 01 04 10
2018 04 07 22 59
2018 04 14 02 51
2018 04 17 00 15
2018 04 20 11 38
2018 04 21 00 20
2018 04 23 00 52
2018 04 23 23 02
2018 04 25 13 29
2018 05 04 05 56
2018 05 14 00 26
2018 06 03 20 09
2018 06 07 14 28
2018 06 11 19 13
2018 06 22 16 34
2018 06 27 04 20
2018 06 29 19 45
2018 06 30 22 22
2018 07 03 02 26
2018 07 13 01 52
2018 07 13 23 38
2018 07 16 19 40
2018 07 17 04 07
2018 07 19 07 32
2018 07 22 19 30
2018 07 23 14 04
2018 08 01 02 44
2018 08 03 07 59
2018 08 03 13 50
2018 08 04 19 03
2018 08 05 10 58
2018 08 11 15 05
2018 08 16 19 44
2018 08 21 19 23
2018 08 23 06 01
2018 08 30 21 02
2018 09 03 08 20
2018 09 05 18 08
2018 09 11 02 55
2018 09 13 20 36
2018 09 14 07 30
2018 09 19 14 53
2018 09 21 13 40
2018 10 05 00 32
2018 10 07 08 18
2018 10 10 02 07
2018 10 17 02 41
2018 10 23 18 31
2018 11 01 21 48
2018 11 04 13 19
2018 11 10 15 01
2018 11 16 19 14
2018 11 17 10 04
2018 11 18 11 56
2018 11 18 15 11
2018 11 21 20 05
2018 11 22 12 23
2018 11 25 20 52
2018 11 25 23 40
2018 12 11 12 45
2018 12 13 13 35
2018 12 14 02 10
2018 12 16 08 20
2018 12 17 19 26
2018 12 20 06 31
2018 12 22 23 08
2018 12 23 23 43
2018 12 24 00 54
2018 12 24 15 13
2018 12 26 23 53
2019 01 08 16 27
2019 01 11 07 58
2019 01 16 21 32
2019 01 21 00 26
2019 01 21 03 30
2019 01 25 06 00
2019 01 25 17 54
2019 01 28 22 28
2019 01 31 15 32
2019 02 02 15 02
2019 02 02 23 28
2019 02 04 04 40
2019 02 04 14 14
2019 02 08 10 41
2019 02 15 20 59
2019 02 16 14 19
2019 02 27 23 40
2019 02 28 05 56
2019 03 02 04 00
2019 03 13 11 52
2019 03 14 17 26
2019 03 15 09 45
2019 03 16 17 01
2019 03 18 15 13
2019 03 19 14 00
2019 03 30 03 47
2019 04 02 11 03
2019 04 04 04 32
2019 04 10 16 36
2019 04 11 00 52
2019 04 14 05 32
2019 04 14 19 58
2019 04 15 14 04
2019 04 16 00 52
2019 04 19 19 56
2019 04 22 09 52
2019 04 23 09 44
2019 05 03 13 52
2019 05 09 09 53
2019 05 13 12 36
2019 05 17 23 07
2019 05 19 21 44
2019 05 22 00 48
2019 05 31 01 52
2019 05 31 02 31
2019 06 06 21 42
2019 06 06 23 35
2019 06 10 23 20
2019 06 12 07 36
2019 06 18 10 59
2019 06 18 23 31
2019 06 20 04 42
2019 06 29 11 36
2019 07 01 18 49
2019 07 03 12 32
2019 07 05 10 56
2019 07 08 08 52
2019 07 10 21 22
2019 07 11 01 10
2019 07 16 06 25
2019 07 17 08 46
2019 07 21 16 26
2019 07 21 16 35
2019 07 29 08 54
2019 07 30 21 08
2019 07 31 12 29
2019 07 31 15 22
2019 08 05 03 33
2019 08 17 13 02
2019 08 25 12 35
2019 08 26 04 49
2019 08 30 18 20
2019 09 15 11 05
2019 09 22 01 20
2019 09 25 17 16
2019 09 25 20 41
2019 10 02 18 07
2019 10 03 19 10
2019 10 04 09 35
2019 10 06 00 09
2019 10 08 18 08
2019 10 17 02 11
2019 10 19 20 38
2019 10 22 14 31
2019 11 03 08 59
2019 11 03 11 18
2019 11 03 12 35
2019 11 05 00 34
2019 11 05 11 44
2019 11 13 21 06
2019 11 18 18 29
2019 11 25 09 53
2019 11 28 14 26
2019 12 02 21 58
2019 12 05 21 53
2019 12 07 12 22
2019 12 16 01 45
2019 12 17 14 58
2019 12 27 15 49
2019 12 27 17 14
2019 12 31 14 29
